311403
28377
180454
9646
7460
227321
7739
1052588
1052585
936156
655816
237561
6238
9615
7719
9483
10141
31234
7217
198628
352472
7220
7222
7230
7234
7238
7240
7244
7245
585396
573235
585395
362663
574521
585055
199310
585035
585057
405955
413997
701177
331111
331112
585034
595495
439855
409438
364106
585056
595496
316385
585397
444450
155864
9796
386585
544404
3847
9785
347515
13616
9103
9544
3880
61853
9258
9986
8128
39947
9601
208964
557722
381754
208963
36329
9598
3694
158878
418127
282459
93062
681288
451515
282458
1118959
426430
273036
985002
451516
158879
1028799
196620
100226
7668
185431
508771
59729
29760
8364
4577
